0 1 2 3 4 5 6
0 10 15 35 25 30 55
10 0 20 30 35 40 25
15 20 0 35 45 45 50
35 30 35 0 75 50 70
25 35 45 75 0 55 60
30 40 45 50 55 0 65
55 25 50 70 60 65 0
